25,3
25,2
0,9
25,1
25,0
24,52
24,51
24,50
24,49
24,48
24,47
24,46
24,45
24,44
24,43
24,42
24,41
24,40
24,39
24,38
24,37
24,36
24,35
3,1
3,3
10,78
10,170
10,74
10,98
10,22
10,178
10,72
11,6
11,14
11,16
11,11
11,18
9,7
9,4
9,6
8,14
8,9
8,4
8,5
8,18
20,3
20,2
20,1
19,3
19,2
19,1
12,3
12,2
12,1
11,30
11,29
11,28
11,27
11,26
11,25
11,24
11,23
11,22
11,21
11,20
11,17
11,12
11,9
11,8
11,3
11,2
11,1
10,317
10,316
10,315
10,314
10,313
10,312
10,311
10,310
10,309
10,308
10,307
10,306
10,305
10,304
10,303
